   Tempo       Sensor1  sensor2  
       000 
       003 
       002 
       002 
       002 
       003 
       003 
       004 
       004 
       004 
       004 
       004 
       002 
       003 
       002 
       002 
       003 
       003 
       003 
       004 
       004 
       004 
       004 
       002 
       001 
       001 
       002 
       002 
       000 
       012 
       016 
       017 
       019 
       017 
       018 
       018 
       018 
       019 
       019 
       003 
       001 
       001 
       001 
       001 
       001 
       002 
       002 
       002 
       001 
       000 
       001 
       001 
       000 
       000 
       000 
       001 
       002 
       002 
       003 
       006 
       010 
       010 
       019 
       021 
       020 
       019 
       019 
       021 
       021 
       002 
       000 
       001 
       001 
       000 
       001 
       001 
       000 
       000 
       000 
       001 
   Tempo       Sensor1  sensor2  
       000 
       002 
       002 
       000 
       001 
       001 
       001 
       000 
       000 
       001 
       001 
       001 
       001 
       009 
       015 
       019 
       019 
       000 
       003 
       002 
       003 
       002 
       000 
       001 
       001 
       000 
